29892611
3645450
12722189
4087825
23920659
5177364
27590677
2727959
16973860
22872100
3997734
13828139
10616876
33480755
1589300
3956788
19890229
24133684
2236472
14254136
24322105
32129077
23502908
860223
2826307
565318
14270537
450634
24653
9846863
1482832
10707025
376920
1728600
28147804
1269856
417891
25583720
22110321
1048695
24117367
25698427
1572988
1785981
30662782
3752065
2687106
65669
14327942
6856839
155785
532618
1056905
508044
1228937
1343628
2793610
4743308
12550288
12976274
73875
1745050
17776794
950429
11600033
8962212
22814902
876728
1704120
24838328
1040571
770239
352455
12746952
17711304
98506
11526346
17260746
73937
7160018
9797842
1499348
205013
1401046
18931926
1114328
2392280
11026652
27754718
33800417
21872866
6627556
6029546
491757
30548208
57585
147697
3318002
1573108
3006708
5177588
5578994
4276475
1065214
2466050
3842309
606476
33194261
2023704
74011
5529883
1630493
15286558
1597728
1466657
17752353
20635941
26534182
20570407
65834
2162986
15614260
25862453
1851703
3039544
10404153
3858746
10780993
19865922
20603201
7643463
31703370
3604814
17727825
27025746
29434198
639319
155997
27279709
23789920
33124
2638184
24641896
23380332
20898157
33412849
23576946
9216379
20889979
21406077
180606
2253183
11051391
1204611
21029252
15073672
34914699
1237394
15352210
20554131
21062039
14369179
16949662
21684643
3473828
213413
3654057
8774064
410036
7258552
10871232
16490955
26968526
4768207
8856020
213462
2425302
18416097
3326435
188902
5399016
20824552
4227563
2073069
5071341
28983795
82423
8695
13902330
25854460
1565181
11624958
26608129
1057284
1745413
28992007
983560
30818824
3310092
6201873
1917459
5243411
28492310
164376
492056
1958425
352795
786972
2638362
6201886
24158745
49696
33268249
451109
20750885
30695973
5120552
18555435
27484718
164401
180785
2572851
221748
2695729
41528
3433026
13107779
24470088
26108501
21119581
22643293
10134112
1565282
5341795
6963814
8512105
7889520
12149364
565879
2572919
22643321
3252860
1278589
3654271
1409665
13001345
49800
2933385
7725707
8528525
33096336
950929
11387538
74387
328344
189088
2556577
1680034
11862690
9175716
16638626
1393318
32170662
3842730
8471210
12624564
24027834
31662781
34595521
14631619
9544391
99022
1549008
11174624
22536936
25232106
2736876
3146483
3228403
5440243
6456053
30843639
3564280
23257851
3703551
12731136
574210
852742
17687304
754442
1065748
23413529
23847707
58147
1073955
418598
1827624
6177577
8848174
4481841
3990322
13198130
21250867
31630129
2212664
525113
8897338
1123132
303933
8356668
7570243
23700292
20833107
21488473
4350811
623452
18531165
21513056
8422241
14812001
369508
4195173
4612967
20530024
24150888
9626476
20996974
893808
21922672
2360178
14746483
24732529
6333302
5292920
10249080
729979
1909633
5759874
20530049
2450308
574342
5948294
28222345
26477451
9773964
12723089
15762321
6218651
13362084
31777709
1270703
29320113
3875767
28427194
28066754
30581698
3834822
23135176
8078282
156625
25519059
2466773
16352214
20431829
1188824
11461593
17458139
8668124
156644
1811429
1917925
320496
1278961
19571697
320502
3826681
8102911
427011
4858883
1623051
2409484
22381581
21070862
885776
345105
5981203
18711572
10699799
648216
459801
19751960
1614875
17818658
295973
640040
34645036
31024173
2311219
20898872
508985
31540281
1328188
20694087
16204877
74830
4015188
3499096
33064024
4883547
15877215
74848
30778464
31990882
3671146
23143530
28386410
74862
2925678
5186681
369790
1025150
1107070
24282238
26911870
214148
99463
2712712
19661965
3875986
1377427
20030612
2876569
42147
443556
22635683
672934
2786477
525486
877743
74930
32261299
3900596
18498744
20481209
1246394
74942
828607
7832768
1623233
24167614
14656708
3679431
2344137
20833484
7701711
15525072
607444
34972884
74966
2876631
1287385
238810
4220121
705756
3753182
656608
2442464
74978
74979
894179
3097826
21873890
31941863
28075240
451817
20923628
451821
24913134
29574385
5170425
1164538
3343617
1631497
8660233
18933002
2352397
460052
10454296
66841
10159386
3925275
1869084
17614109
26985757
1082656
8119585
11126051
222500
30311716
394536
4187434
18793770
304428
14812466
9577780
42293
28763446
19744057
247098
17974588
20636989
22578492
4908352
468293
1238341
2229575
28009800
6899017
1803595
26518860
4457806
2721109
2565462
13755733
5875034
7832924
31941988
5326183
10773864
26322280
2647404
17360238
15738234
1729915
24069500
8586622
20391295
22726015
27813251
31384964
26535307
1213838
10192270
370064
13632911
23438736
30246289
2344342
4752795
239009
7144866
13141411
20120996
165289
10700202
13239722
14411179
452017
402866
6882738
25593267
2016701
9422274
4744645
25159111
21546442
591309
2852303
16958933
18220509
2229732
21939688
11757037
58865
18089458
3048950
607735
28149238
75259
75261
11142653
75264
935425
21423623
296466
20121108
26207769
4933146
24438299
18949667
19998249
8062510
5875250
24790580
50744
15033915
15828540
27387452
443972
2262603
26609228
648781
7734862
29828688
10839638
28190294
501340
28722788
6170213
288360
583273
9225834
730734
23463534
13018737
1320563
7865977
13903487
4228739
4032134
20080263
362120
24872588
20326029
28124815
28190354
19793556
19908244
26248852
1525408
18785953
19924644
4769447
30951080
313002
4736692
12199605
4343478
22791862
32204472
19596986
30164669
673472
7128768
10274511
22144721
23652051
32573143
648921
3966684
17917662
14149346
8201962
583407
4843251
13362932
22062835
3745527
25102073
31270650
9979
4376322
2492165
10708743
16074507
50957
2246413
2885391
5334800
403227
33597212
10454813
2377503
26404640
2639650
6809379
24487714
3729190
157481
1722156
26822445
4097843
12715828
1279798
2279228
5367617
29214531
337740
673613
7325516
9750356
67423
509792
6121312
444267
9234287
1730420
165751
2312056
624505
558970
690042
8824700
22546305
518018
698242
1042309
42886
7440264
2467723
3606413
673682
10594195
3565461
23848853
1623960
31631257
2852763
34482077
4089762
25290660
26224556
8120239
10848177
4605877
2017208
2017211
7489472
28256193
1198018
8857538
19744710
10332103
22824908
18737103
739286
321496
28387289
17156061
2156510
28960734
2967520
32557025
206818
2320355
903140
239589
1394661
8415205
4401133
5064685
264176
4196336
12969971
31795187
29657080
6399993
1828869
31500300
4302862
12568590
14977038
2148370
2541588
7120916
1075228
854045
21186590
206879
25225244
26306593
9078818
509987
223268
12732451
11470887
28903466
29034540
7489581
9005101
2451503
2983983
3524655
3917873
11577392
32802867
5425205
28370997
28903478
13887546
3139643
231486
2730049
27150405
20727881
4876364
3934285
23980112
9513043
2476119
24717406
23775327
5892193
9070689
616554
673903
17008751
2910322
31197299
4671604
2812023
17901688
24201336
10619003
5515388
600194
11643011
1181828
11659396
1181830
21088389
27945099
2877584
1419414
12634263
11733144
10061978
5097628
4745376
1853602
2680994
3557540
26126499
25684136
747689
30050474
600235
28960943
4966576
6457520
19015856
10004664
10995901
3623103
29378763
75984
8587476
2255067
9111772
32000219
362719
4155619
10914021
166121
2623723
7874801
76018
8055027
149748
23398644
17418486
10487
2296056
1493245
13273342
600320
16451841
3156227
7072005
3737862
19818759
76040
27756811
1394959
2541839
7825684
29174042
682275
29157670
31336743
706860
21408046
2484540
706878
3615041
7416129
14330182
6646087
20851014
16927051
2853200
256337
10701143
100700
7031132
444767
4557151
18884961
33540451
657764
51563
2976107
8620409
24160634
11028867
24750472
31893898
3287436
2886036
231829
92566
24193429
25913752
30706071
4483482
28789149
2853280
4655520
10938786
5867940
11151781
92582
4286886
149928
14109092
666026
2763180
706990
1526194
27486642
11094452
1706423
5507511
23824827
92605
92608
3762624
10619329
31517122
6048196
1862086
27079
1976777
4270540
19868108
1395159
1567200
1853921
14248418
22342112
2877925
1567210
29034986
30771695
3492340
133622
4639222
68092
993791
6703617
14854661
3312138
24742411
133648
92689
469520
19843601
29542934
1493527
16706073
4295195
518687
21482017
870946
25430565
24709671
11176488
461353
43566
76335
30108218
12823099
24390203
76351
24021571
26790467
952902
23751253
698969
7301722
5614173
76389
617063
11741801
76394
27888241
8727155
453236
26258039
4500088
36956792
772732
29518461
1075838
11217536
22907524
27093639
10578574
871056
3992212
68245
35785369
404122
8039067
887452
2648735
11684516
15239845
17214118
18139812
2206376
23325348
15682219
7883438
7129779
420532
690868
3123893
11545267
22538938
633531
1141438
576198
3312337
21236436
576217
871130
5483227
12929755
1673949
18803418
10977
142049
76515
5049061
559847
920296
4836072
9112296
8391403
1747692
5606124
32312042
27609842
26340083
305909
12978934
4066047
19270406
977671
20179720
9808649
5958413
1166096
26012433
3418900
68374
9972502
4410141
6155040
15936289
1157922
68388
34269989
30624551
27872044
2509613
24570673
2632500
12356406
13822777
2501435
2444093
3287871
8579904
215873
16083779
27847491
699208
76617
265033
5557065
11823946
14740301
2566991
9939796
27372372
1977174
27863892
18623322
3558237
11217759
5262180
1125221
76647
1059688
27216746
1633134
3427182
3656559
18549628
27437950
945029
3033993
1198987
3025805
6917005
142224
26717073
26389395
13118358
10791833
338849
21867426
4680612
15739815
338869
2804661
265143
2395072
142274
84931
3099586
23808966
3615688
10619849
5565401
289755
1608670
2812897
5835745
3918828
3894257
1027060
142327
2411513
33025020
4836350
24079358
2149376
1371138
29174788
1354757
2509831
781321
2124810
5549065
5303308
27978764
20122638
21810192
3771410
5090323
10374164
24513554
16264226
3574823
23514165
31673401
33590333
1297472
11381825
1944643
11250759
142412
142417
24841297
142421
10726486
142426
3329115
20753502
3517536
142435
797798
142443
4451435
7138412
142447
683122
27872371
32582773
5860476
142463
3902593
3779715
142469
3894411
142476
16641164
3116175
18066576
3217
52371
7261333
22547607
945305
2100379
18689180
2706589
22547614
10603679
26545312
17968290
52389
13257893
2075820
14765230
18386095
1027251
2002104
2903228
34344124
15469761
18992327
5999816
8031432
9022669
18459855
1952976
961749
3624149
28789973
12569818
1305819
355548
1518813
4836572
1354975
3640544
26258656
26971354
31149282
593127
25521383
871658
2141418
8121583
9669872
20917489
4607218
23080180
2698486
511228
22457596
1469695
30715135
25734402
10874116
2886917
158982
232711
11046148
5115147
29846796
44302
2190622
32607519
2256164
16125220
31403303
9555242
666923
650540
28134702
1412408
22539578
24333629
396607
5664067
52549
8817989
44366
17927503
26512722
1707352
232795
22637915
21646685
4902239
5467488
25283935
13421923
12275048
4738411
11611500
18673005
1584494
5377390
1822067
10366326
93559
503161
12643712
24776067
9252228
740744
1904012
3616144
3599765
5631382
25079197
535969
1641890
535971
19942818
25619875
2428326
77223
33508772
33820074
2198959
8613295
18640305
11218354
21188019
880056
781758
9653698
28814788
3526088
536009
13807049
3190223
2674130
15453651
1191380
44501
19271127
740824
789978
17665499
683486
1011167
5451230
2223585
14552544
2002403
2223589
19983847
1068520
1519082
3509741
9022958
12135919
24464878
26127858
8990197
1101306
1863169
10636802
27602436
16166406
101899
30985740
2739726
19820048
1199638
4738587
1830431
25202209
183851
101935
18599471
2510385
4894261
5533243
454208
19992131
35581515
26742350
14708304
2559570
4836948
2346581
1052246
35909212
21245534
26906212
2018921
31960682
26586731
28269
5623405
3894895
35581555
2952825
2199162
10890876
642694
642696
20991625
44696
13225630
4189858
3305132
9383602
20401848
4845241
28176057
18304705
17624772
528069
560837
2682566
5172934
3469003
2862798
31567568
11988
20393685
159447
11993
364250
1617626
19476185
15945437
1494750
10956510
12000
12001
667361
30871261
12004
667368
29552360
2780906
1486573
8351476
675574
1249014
8605430
13364985
34139896
1249019
61184
13872901
12611336
23752458
1011468
2887437
23645970
2895635
503573
5148441
16355097
798491
29880089
4091681
2617126
28880684
10825522
4198198
16002873
27111227
34164539
18247486
241471
33427265
4509510
77639
1609543
9129800
241482
6795082
6819660
5148493
13594438
17125190
30232393
274258
6917971
18943833
6459226
53085
184158
1584998
77672
16953192
77674
5549932
22318957
19492718
3624815
8056688
12111728
23752558
798584
6098808
14602109
4853633
10628994
487300
3903364
20770694
5885832
3936140
15052685
33222541
18673551
31338389
2207640
6238106
7450532
151461
22933412
6729640
151465
23015340
3592111
200626
3092405
1626038
12767159
3829690
716738
241603
28692419
15142854
16633798
536521
9834441
5795788
192461
7352271
2150352
2011090
21000149
2387927
864217
4288473
6631386
6705113
21196762
18165727
28954592
2994151
1634280
6057960
15765481
4476914
946164
23310329
30838779
18698236
33058811
454655
1126401
8056834
5017604
2609169
28397585
249876
4870165
6877206
32567318
77856
1732642
5959715
27496488
61481
1789996
27988012
8523825
1683515
23654460
3444797
33427517
16855103
13635649
30822465
30928961
1249349
45126
26554437
3567688
31256654
528464
14241872
61522
24653905
2043990
585824
1749093
14823527
8753259
725103
4018288
8581231
7286899
12308598
2216055
143483
323715
348292
2052231
17469575
1667210
19787914
32133264
21508247
19861657
454812
7123113
33296556
31150255
5640372
10801336
12292280
20669
8425661
3870912
1331395
561350
4346063
21287122
5673173
10457303
31510744
3371225
6017242
5042396
61664
479457
11235553
22114529
626916
3018980
5083366
22540513
8614120
10555625
987370
1962219
20631788
31330546
8614136
413949
11612413
24473861
708870
23941382
1380618
25432337
651538
5894429
6254878
6557991
22507815
160047
4165940
799030
21811510
471352
27250998
3182907
25751867
2216254
3920193
31404359
21172552
16044362
28078410
225615
20320591
12357969
31699282
2150739
33509716
5075286
14119255
15233369
1470810
7246171
24473950
307553
12235107
24777060
2191717
7319913
2330988
7999852
20926831
31281519
1266043
422269
3117439
2158983
18780551
1126798
2560398
307604
209301
6320542
24269214
1946017
2511267
1184167
4927911
19878320
21852596
3600824
18436536
21754296
27652539
9564605
1397183
537024
1208768
9613761
25981379
31748550
12915146
70091
2257358
4560
1528272
1274324
3920340
29528534
414180
33010153
2134506
4518378
8344046
365039
4657647
6361585
7082486
2363899
31240702
692739
897540
2724358
1511944
1241609
1487371
365070
24490519
422428
25367068
1749535
33567266
9687588
33239589
1389099
2298412
7770667
1274420
12857910
4280890
1765948
2093628
30863940
4125255
5427784
15938122
15094348
307789
23941708
25006668
5476946
1880660
11293276
24818273
6738531
24195690
1413739
29471340
103029
4728
4729
4567681
1880706
10195586
16839300
2585223
31199884
7508621
62095
4379279
168597
856733
62110
3256994
1503907
1979044
62117
3723947
258732
5747371
8942251
2151087
103088
2077360
3150514
9482929
1815221
3748536
18952889
26800826
21180
1069758
2273984
430788
3142340
709318
31658692
20435658
53964
21492428
2486990
8360654
1389264
6542034
1692374
1888983
2912982
4174550
1823450
8057560
16143062
6976221
27366108
37599
1585890
684771
963301
4862696
24228585
25187050
217835
9057005
30520052
30348021
8008438
22336248
3035900
6124288
1405697
10048256
12219143
20181767
5108489
25793288
34444042
31322893
709391
25244431
1848081
29594386
24105751
29266711
1020702
144161
1364770
10777380
25129766
8844071
13783850
31953707
24154924
21762864
15020855
3117881
2618174
348994
357186
2405186
12186438
2298699
2159438
22729553
1332050
16749397
22180695
10802011
2306908
24154973
23524192
10638177
14545761
29119330
11064164
2093928
2216810
6984559
15438705
381810
18862965
17617782
570231
3863417
3822458
5174138
1430396
8549241
8737659
3511167
3920769
20435857
570263
2528153
226202
18076569
54173
54175
20927392
2257827
14562213
431014
21918632
22852522
3388331
30462894
8401840
34296753
20181941
6427576
26031039
9622468
4150217
5018573
15274957
4207567
4568016
570321
1045457
21132240
2528212
23966679
28103641
6386652
24368095
168929
570350
24048632
2651130
17404922
22328317
168958
22778879
23909373
8475649
1389571
4731909
1889288
1094668
6108184
5870620
144415
488484
22950949
1856550
4658214
4863014
234537
5551144
17175592
26014758
11244593
1659954
11375668
742453
23270459
17544255
2692160
21132353
3118146
9770050
30872649
20354125
22606928
27079761
635989
29782
2823258
275547
8590427
1635428
18166884
750694
17437799
5224
23852142
20903033
35189883
316540
29381759
3028097
26367115
1176717
1684625
1889426
3724436
21779605
8713368
25080984
17101981
18764957
30626975
24319139
1291429
2667691
6534317
20903086
23286957
406704
1348785
2888880
5264560
30201005
1356982
5313
27202754
939203
1111237
25244870
3978441
17642698
62668
619728
226515
1774803
9450708
26383573
26694867
33502433
709860
24384740
11097321
234731
16389361
17798387
29942
29943
652534
7902455
947450
12260598
23614710
28062973
3208449
3503363
27792643
8500485
29988111
7255312
5379346
10286355
23319831
3028248
865561
29586711
1471772
1316128
644385
8451362
12498208
23467297
23393578
18076983
2372920
12580152
28341562
4453691
13931836
25400635
2782527
2856257
1291587
27694404
7787845
3306822
25924934
234827
193868
31552848
20903253
21321046
1357149
2372958
16586081
10433895
226664
1144172
16733548
27923824
14529906
243064
13473149
20903293
23934336
2372994
22361477
9401743
17323415
202140
3511710
947616
10417568
27391398
17298868
19699124
15119799
11081144
497081
26252728
2651593
431562
1955275
21550540
11253197
3700174
4625875
5420499
5830099
32683481
10335706
19420639
22099425
14013923
3610087
4183527
27645415
11441643
2864621
14767600
2323962
587265
898561
4822531
12424710
5076487
26834440
12908045
226842
1365530
366111
31700529
6616626
4691511
24032824
29783609
13874749
1996350
5559871
18912832
6641217
9492034
2913859
8984132
3683909
23795261
3339851
19248715
13901
6764111
13399638
18019926
2750041
5729
2324069
19437157
27891311
31217265
7018098
308856
3470969
1226363
3069564
9524860
4232830
923265
6551171
6469252
10327683
12932741
2406029
17733263
30578319
2905745
28194449
27063955
13702809
7984798
28858014
1644192
32781983
11335331
30578340
702117
1332901
2922151
17594022
22156971
30250668
1324717
1726126
15079086
31684269
25958067
28759732
32306875
10999486
7771844
7984838
31979208
194249
23410377
26392265
5240530
612052
3167956
54999
2422489
27662044
15349469
816862
2823903
12121822
14718686
1873637
25777895
6665962
1210091
20813549
2529009
177906
1988339
2807539
349941
8328948
18372339
18716405
18724599
25548532
29267698
32544504
1922815
5207807
2930434
5388037
11335429
6846215
15488775
28210952
18790154
27383563
21427980
10688272
23811860
235288
1865502
3995423
26425120
2627364
7591721
3249964
26466092
71473
26588977
23295795
407351
31307575
27047737
5887808
4151108
21256010
28063569
6821714
997206
153435
21477212
32683873
25212770
5060456
26687336
284525
300910
30575
1324910
19609453
685938
915315
30582
2381687
21682038
9541497
16258940
24811390
22542212
23295876
10893193
23435148
25212812
235406
26613648
3610519
28211095
685977
235418
10753947
202652
9590685
30625
3577764
14899108
27539366
4372392
32954280
1849258
13785006
87983
16963505
7190451
686006
25737142
27989945
25098171
26261438
686022
11474887
19625929
2004939
2701261
23631832
18454490
227291
3258336
10016740
28973039
3151857
9803762
464883
3667955
21821426
32987124
3676154
1808380
481293
63504
7133211
12130331
20985883
1046559
3151903
145445
7944229
407591
2045991
29784104
399402
2226221
16791614
14137409
1882179
8476747
407628
10328139
284752
5511248
1144915
10565718
11335771
2103388
4765789
22132828
23435357
28014683
1194084
374885
2611302
2332775
6133862
15726696
23205990
432236
596078
948337
1128561
473212
2676861
5945470
19953789
194693
694405
2390149
6305925
12621957
18241669
33757322
1374351
5888145
10418324
12744854
3569822
10811554
9951396
473253
26835108
6043815
17873069
5101743
25475247
2013364
956598
12679350
8411320
25008319
28891330
17651907
1693894
1988806
1456329
1128651
317647
3487956
3520726
2037975
20756695
5150937
3569886
3143908
11925733
29530341
20691181
3365103
10770671
26163439
7764212
20904181
30873849
30750975
4593920
2029825
24131841
25532672
88326
2300167
7764230
26581256
6641931
21412109
20797710
31176974
6650131
27359507
4446490
604444
129312
4593958
71975
9468198
31332647
1456429
22706480
55601
16537906
4102452
6961461
18929976
670013
31201599
6666561
10189121
31775043
2021700
481605
2586953
9034057
34429259
14965069
3479886
11270479
629072
3733842
5159254
129368
2488667
2390369
31553889
973155
1071462
31079
5396840
11745640
817516
538995
9263475
1743227
12261755
4200829
12147070
6265220
25008517
25221509
19822985
30636427
24336780
39311
129427
10140052
2251161
7715229
8714658
350629
3946917
55720
6707631
26073520
30824882
23992760
612803
7920068
17357251
31683286
23779787
858575
33577424
12401107
104916
2406870
9468375
3095001
23624157
27998686
9755107
825828
1653220
2038244
5929445
21248487
5880297
10385898
367085
5356013
6003182
3848688
129524
6535669
22821369
4995581
22870525
2251266
694787
64004
28826121
1931788
25942540
670226
2513427
80405
32913943
15718938
997918
12139040
2071080
29432361
948784
997939
1227317
19659317
10164799
32234047
1735236
932424
2153034
1710667
1129041
5413458
26319447
35412577
13408866
11942501
88678
6642278
2955883
129644
1792621
6060651
24615533
547448
1710716
96893
25860737
9337481
31371
30726799
16366225
16792210
8632979
26147476
35527324
5274269
596639
11696799
15022751
7223973
19708587
907949
1653423
20904625
5020340
26909372
5855933
36534974
33028800
8673987
11770563
670407
12679879
342741
14277334
7682778
20904667
187100
1440478
9460450
15071971
32111330
1792743
883432
5429993
23624423
25058025
1448684
695023
3037944
2898682
236283
3037946
23321343
8813317
17046277
17726219
29129487
2718480
4766483
23894804
23829273
18537242
34749215
113442
64291
10877732
2063141
768808
875305
3644204
2759477
1186616
21404478
1612611
22993733
15399751
1882956
2964301
20568913
818002
1399634
3677015
21437273
4971356
10296157
3242846
2595680
3963744
8272738
27122528
179044
7330661
3038054
5667692
981874
5045106
31607
179064
10189688
244610
5454727
13679495
28842888
64394
4103051
17816459
113549
1055633
12942227
20781972
1252250
1784731
14408606
11991967
8526754
13949859
31439778
5536677
5856167
1137578
24943532
31366063
5413813
3546038
4791224
16907195
4635580
13253566
16309183
13179844
2079686
32873419
5266380
17062866
11410391
12925911
31701975
105434
12106715
10394592
3038177
24460261
2513894
20511718
5848042
6446062
8174574
2923504
113651
261107
695283
20044790
3079162
11254779
11893755
932864
12098561
171011
228355
19463174
3357705
20724748
8485902
171026
22985747
13917204
171029
27409433
4971555
3185702
769066
31693868
171058
8764467
1940533
8633398
26508343
3529788
11312191
171078
18537547
482383
515151
9264215
11639895
12319832
20986970
15850590
916576
924771
9796711
859241
2350188
1129583
8723567
22641776
1113205
1367161
1858682
2571385
1031292
4996220
490623
433285
1809543
32636040
2423947
613518
3595407
13393041
359571
23002264
11762841
6241436
277667
924835
982180
10599593
4734122
23223470
25230514
982199
5192888
32144568
32537784
2415806
654530
933060
9051332
2399430
6143174
20520132
81100
14482638
556241
13278422
13966551
5422296
6102235
1006812
23092448
24321248
8223970
17112291
3235051
9125100
204019
261364
1072373
1096949
3030263
236793
4717823
18832639
25419009
11164932
4824326
23608595
4431129
32726298
531747
1785123
9231651
1432870
212265
8658217
13393215
22904128
26008898
1842500
13458759
31243591
8928586
12746058
2620748
4939088
29007186
5143892
580960
957792
31964514
27123043
89445
20348262
11738477
1424754
19152242
1129847
1105278
8486272
1105284
3276167
31513994
1367452
6872477
24468896
548259
859556
1867173
31186339
17841580
14286254
24190384
6102449
11558326
4980155
1613245
24518077
1629631
335298
1367498
2211274
2973132
11337163
15777230
29007308
30129615
2244052
12320219
97758
1236447
7224803
1998309
605676
7405036
9289196
15908338
35610105
15670779
32252
16596475
12664320
171522
1105412
10272267
1908238
35708430
30146066
34430482
171540
1367574
11140631
171545
4611613
3538462
10223140
11361834
8625710
171568
23150143
5389888
581185
29752895
5021251
19283524
33594947
10370634
26009166
3866194
3866200
21225053
171618
19136103
13287017
171626
171628
18497134
9477743
1826422
21339766
294520
29294207
1539714
4300418
15416966
2506380
5676692
19144344
5209755
73375
433824
2571942
12336807
1384107
26107567
1654450
12230323
4259508
7421620
20700852
229047
3284664
73402
1343165
1588930
73412
9952965
5996232
6659784
360138
10616523
909006
2121431
12279512
28696280
13237979
73438
671455
40672
18620128
5349098
73451
15843050
2457326
10206962
1793784
19087098
10034941
23207678
3071743
16563970
11255555
8994566
5734151
245515
12427020
73488
20004625
10477331
28958485
106262
3030811
23977758
13623073
12902178
32325414
11353896
2547497
2326317
1695534
17055534
27369264
33316658
7167797
27877174
9002807
491323
4865852
14884669
4702014
925503
19078976
22486844
2015043
4251465
26394441
31711049
458573
286544
7724880
13713239
982874
4579172
106344
21847912
23281512
3202945
6446995
704406
27434903
17923997
20225956
2236329
3030953
26492850
2580403
28417976
31727546
19824573
2105280
20357059
442308
2154438
10182598
19128264
10149834
24543179
26730444
3112909
18497485
23904207
21282769
2777047
11190234
21159898
29171676
384990
1277918
999394
172005
26206182
172008
2318313
2654186
557036
10215404
540654
1851374
7471088
8495088
22667247
1138675
28098541
212981
30547958
22740984
1908729
20692991
